# relative_time, cycles_done, cur_item, corpus_count, pending_total, pending_favs, map_size, saved_crashes, saved_hangs, max_depth, execs_per_sec, total_execs, edges_found, total_crashes, servers_count
61, 0, 1, 21, 20, 3, 3.84%, 0, 0, 3, 213.41, 13016, 670, 0, 0
66, 0, 1, 21, 20, 3, 3.84%, 0, 0, 3, 213.46, 14116, 670, 0, 0
71, 0, 1, 21, 20, 3, 3.84%, 0, 0, 3, 213.45, 15216, 670, 0, 0
76, 0, 1, 21, 20, 3, 3.84%, 0, 0, 3, 213.34, 16316, 670, 0, 0
82, 0, 1, 21, 20, 3, 3.84%, 0, 0, 3, 213.37, 17416, 670, 0, 0
87, 0, 1, 21, 20, 3, 3.84%, 0, 0, 3, 213.39, 18516, 670, 0, 0
92, 0, 7, 21, 19, 9, 3.84%, 0, 0, 3, 214.03, 19616, 670, 0, 0
97, 0, 7, 21, 19, 9, 3.84%, 0, 0, 3, 214.45, 20716, 670, 0, 0
102, 0, 7, 25, 23, 9, 3.87%, 0, 0, 4, 214.28, 21817, 675, 0, 0
107, 0, 18, 25, 22, 7, 3.87%, 0, 0, 4, 214.04, 22917, 675, 0, 0
112, 0, 12, 25, 21, 6, 3.87%, 0, 0, 4, 214.02, 24017, 675, 0, 0
118, 0, 21, 25, 20, 5, 3.87%, 0, 0, 4, 213.86, 25116, 675, 0, 0
123, 0, 21, 25, 20, 5, 3.87%, 0, 0, 4, 215.06, 26216, 675, 0, 0
128, 0, 21, 29, 24, 5, 3.87%, 0, 0, 5, 214.60, 27327, 675, 0, 0
133, 0, 21, 29, 24, 5, 3.87%, 0, 0, 5, 214.33, 28427, 675, 0, 0
138, 0, 21, 29, 24, 5, 3.87%, 0, 0, 5, 214.54, 29527, 675, 0, 0
143, 0, 26, 29, 23, 5, 3.87%, 0, 0, 5, 177.25, 30125, 675, 0, 0
148, 0, 24, 29, 22, 4, 3.87%, 0, 0, 5, 205.36, 31194, 675, 0, 0
153, 0, 24, 29, 22, 4, 3.87%, 0, 0, 5, 210.50, 32294, 675, 0, 0
158, 0, 25, 29, 21, 3, 3.87%, 0, 0, 5, 177.87, 33211, 675, 0, 0
164, 0, 25, 31, 23, 3, 3.87%, 0, 1, 6, 25.60, 34184, 675, 0, 0
169, 0, 25, 33, 25, 3, 3.87%, 0, 1, 6, 206.75, 35258, 676, 0, 0
174, 0, 25, 34, 26, 3, 3.87%, 0, 1, 6, 212.87, 36345, 676, 0, 0
179, 0, 25, 34, 26, 3, 3.87%, 0, 1, 6, 208.87, 37409, 676, 0, 0
184, 0, 25, 34, 26, 3, 3.87%, 0, 1, 6, 213.09, 38485, 676, 0, 0
190, 0, 25, 34, 26, 3, 3.87%, 0, 2, 6, 32.77, 39494, 676, 0, 0
195, 0, 33, 34, 25, 3, 3.87%, 0, 2, 6, 201.44, 40542, 676, 0, 0
200, 0, 33, 34, 25, 3, 3.87%, 0, 2, 6, 214.96, 41654, 676, 0, 0
206, 0, 32, 34, 24, 2, 3.87%, 0, 2, 6, 197.34, 42701, 676, 0, 0
211, 0, 32, 34, 24, 2, 3.87%, 0, 2, 6, 210.48, 43505, 676, 0, 0
216, 0, 32, 34, 24, 2, 3.87%, 0, 2, 6, 187.57, 44359, 676, 0, 0
221, 0, 16, 34, 23, 1, 3.87%, 0, 3, 6, 156.65, 44769, 676, 0, 0
226, 0, 16, 34, 23, 1, 3.87%, 0, 3, 6, 203.79, 45889, 676, 0, 0
231, 0, 26, 34, 22, 0, 3.87%, 0, 3, 6, 208.38, 46974, 676, 0, 0
237, 0, 16, 34, 22, 0, 3.87%, 0, 4, 6, 160.06, 47744, 676, 0, 0
242, 0, 6, 34, 22, 0, 3.87%, 0, 4, 6, 204.83, 48867, 676, 0, 0
247, 0, 6, 34, 21, 0, 3.87%, 0, 4, 6, 213.45, 49966, 676, 0, 0
252, 0, 29, 34, 21, 0, 3.87%, 0, 4, 6, 219.79, 51090, 676, 0, 0
257, 0, 16, 34, 20, 0, 3.87%, 0, 4, 6, 198.33, 52123, 676, 0, 0
262, 0, 34, 35, 21, 1, 3.87%, 0, 4, 6, 209.89, 53225, 676, 0, 0
268, 0, 34, 35, 21, 1, 3.87%, 0, 4, 6, 212.38, 54324, 676, 0, 0
273, 0, 20, 35, 20, 0, 3.87%, 0, 4, 6, 206.82, 55336, 676, 0, 0
278, 0, 20, 35, 20, 0, 3.87%, 0, 4, 6, 212.58, 56436, 676, 0, 0
283, 0, 34, 35, 19, 0, 3.87%, 0, 4, 6, 214.36, 57537, 676, 0, 0
288, 0, 9, 35, 19, 0, 3.87%, 0, 4, 6, 214.39, 58637, 676, 0, 0
293, 0, 34, 35, 18, 0, 3.87%, 0, 4, 6, 213.89, 59736, 676, 0, 0
298, 1, 13, 35, 18, 0, 3.87%, 0, 4, 6, 213.89, 60836, 676, 0, 0
303, 1, 34, 35, 17, 0, 3.87%, 0, 4, 6, 213.88, 61937, 676, 0, 0
309, 1, 35, 36, 18, 1, 3.88%, 0, 4, 6, 213.37, 63036, 677, 0, 0
314, 1, 35, 36, 18, 1, 3.88%, 0, 4, 6, 214.23, 64136, 677, 0, 0
319, 1, 35, 40, 22, 1, 3.88%, 0, 4, 6, 214.42, 65238, 677, 0, 0
324, 1, 39, 40, 21, 1, 3.88%, 0, 4, 6, 215.95, 66338, 677, 0, 0
329, 1, 18, 40, 20, 0, 3.88%, 0, 4, 6, 216.89, 67441, 677, 0, 0
334, 1, 39, 41, 21, 0, 3.88%, 0, 5, 7, 206.83, 68293, 677, 0, 0
339, 1, 40, 41, 21, 1, 3.88%, 0, 5, 7, 216.55, 69421, 677, 0, 0
344, 1, 22, 41, 20, 0, 3.88%, 0, 5, 7, 217.97, 70522, 677, 0, 0
349, 1, 22, 41, 20, 0, 3.88%, 0, 5, 7, 216.82, 71622, 677, 0, 0
354, 1, 31, 41, 19, 0, 3.88%, 0, 5, 7, 217.64, 72726, 677, 0, 0
360, 1, 31, 41, 19, 0, 3.88%, 0, 5, 7, 221.64, 73514, 677, 0, 0
365, 1, 40, 41, 18, 0, 3.88%, 0, 5, 7, 216.74, 74631, 677, 0, 0
370, 1, 3, 41, 18, 0, 3.88%, 0, 5, 7, 216.26, 75743, 677, 0, 0
375, 1, 3, 41, 18, 0, 3.88%, 0, 5, 7, 215.99, 76844, 677, 0, 0
380, 1, 10, 41, 17, 0, 3.88%, 0, 5, 7, 215.91, 77944, 677, 0, 0
385, 1, 38, 41, 16, 0, 3.88%, 0, 5, 7, 216.11, 79045, 677, 0, 0
390, 1, 38, 41, 16, 0, 3.88%, 0, 5, 7, 216.40, 80145, 677, 0, 0
395, 1, 30, 41, 15, 0, 3.88%, 0, 5, 7, 217.09, 81253, 677, 0, 0
400, 1, 30, 41, 15, 0, 3.88%, 0, 5, 7, 186.56, 82049, 677, 0, 0
405, 1, 36, 41, 14, 0, 3.88%, 0, 5, 7, 211.96, 83174, 677, 0, 0
411, 1, 36, 41, 14, 0, 3.88%, 0, 5, 7, 214.82, 84274, 677, 0, 0
416, 1, 26, 42, 14, 0, 3.88%, 0, 5, 7, 210.61, 85371, 677, 0, 0
421, 1, 23, 42, 14, 0, 3.88%, 0, 5, 7, 214.88, 86467, 677, 0, 0
426, 1, 23, 42, 14, 0, 3.88%, 0, 5, 7, 215.92, 87567, 677, 0, 0
431, 1, 37, 42, 13, 0, 3.88%, 0, 5, 7, 216.06, 88668, 677, 0, 0
436, 1, 37, 42, 13, 0, 3.88%, 0, 5, 7, 215.44, 89768, 677, 0, 0
441, 1, 27, 42, 12, 0, 3.88%, 0, 5, 7, 199.85, 90802, 677, 0, 0
446, 1, 27, 42, 12, 0, 3.88%, 0, 5, 7, 215.38, 91910, 677, 0, 0
451, 1, 33, 42, 11, 0, 3.88%, 0, 5, 7, 215.72, 93005, 677, 0, 0
456, 1, 12, 43, 12, 0, 3.88%, 0, 5, 7, 215.27, 94096, 677, 0, 0
462, 1, 42, 43, 12, 0, 3.88%, 0, 5, 7, 209.44, 95128, 677, 0, 0
467, 1, 42, 43, 12, 0, 3.88%, 0, 5, 7, 214.71, 96228, 677, 0, 0
472, 1, 4, 43, 11, 0, 3.88%, 0, 5, 7, 215.70, 97329, 677, 0, 0
477, 1, 4, 43, 11, 0, 3.88%, 0, 5, 7, 215.95, 98429, 677, 0, 0
482, 1, 15, 43, 10, 0, 3.88%, 0, 5, 7, 215.73, 99528, 677, 0, 0
487, 1, 15, 43, 10, 0, 3.88%, 0, 5, 7, 215.19, 100628, 677, 0, 0
492, 1, 11, 43, 9, 0, 3.88%, 0, 5, 7, 215.67, 101729, 677, 0, 0
497, 1, 11, 43, 9, 0, 3.88%, 0, 5, 7, 216.09, 102829, 677, 0, 0
502, 1, 41, 43, 8, 0, 3.88%, 0, 5, 7, 190.29, 103837, 677, 0, 0
507, 1, 41, 43, 8, 0, 3.88%, 0, 5, 7, 161.10, 104407, 677, 0, 0
513, 2, 24, 43, 7, 0, 3.88%, 0, 5, 7, 195.83, 105446, 677, 0, 0
518, 2, 43, 44, 8, 1, 3.88%, 0, 5, 7, 210.77, 106549, 677, 0, 0
523, 2, 43, 44, 8, 1, 3.88%, 0, 5, 7, 213.89, 107649, 677, 0, 0
528, 2, 43, 45, 8, 0, 3.88%, 0, 5, 7, 213.71, 108739, 677, 0, 0
533, 2, 44, 45, 8, 1, 3.88%, 0, 5, 7, 214.67, 109839, 677, 0, 0
538, 2, 12, 45, 7, 0, 3.88%, 0, 5, 7, 214.95, 110938, 677, 0, 0
543, 2, 20, 45, 7, 0, 3.88%, 0, 5, 7, 217.39, 112038, 677, 0, 0
548, 2, 32, 45, 7, 0, 3.88%, 0, 6, 7, 122.85, 112725, 677, 0, 0
553, 2, 32, 45, 7, 0, 3.88%, 0, 6, 7, 174.49, 113664, 677, 0, 0
558, 2, 43, 45, 7, 0, 3.88%, 0, 6, 7, 190.04, 114636, 677, 0, 0
564, 2, 8, 45, 7, 0, 3.88%, 0, 6, 7, 210.25, 115747, 677, 0, 0
569, 2, 8, 45, 7, 0, 3.88%, 0, 6, 7, 214.67, 116850, 677, 0, 0
574, 2, 40, 45, 6, 0, 3.88%, 0, 6, 7, 215.21, 117946, 677, 0, 0
579, 2, 28, 45, 6, 0, 3.88%, 0, 6, 7, 219.25, 119082, 677, 0, 0
584, 2, 28, 45, 6, 0, 3.88%, 0, 6, 7, 221.17, 120206, 677, 0, 0
589, 2, 12, 45, 5, 0, 3.88%, 0, 6, 7, 202.84, 121244, 677, 0, 0
594, 2, 19, 45, 5, 0, 3.88%, 0, 6, 7, 213.67, 122344, 677, 0, 0
599, 2, 19, 45, 5, 0, 3.88%, 0, 6, 7, 214.58, 123444, 677, 0, 0
604, 2, 19, 48, 8, 0, 3.88%, 0, 6, 7, 214.60, 124544, 677, 0, 0
610, 2, 5, 48, 7, 0, 3.88%, 0, 6, 7, 215.02, 125644, 677, 0, 0
615, 2, 5, 48, 7, 0, 3.88%, 0, 6, 7, 215.05, 126744, 677, 0, 0
620, 2, 17, 48, 6, 0, 3.88%, 0, 6, 7, 215.00, 127843, 677, 0, 0
625, 2, 17, 50, 8, 0, 3.88%, 0, 8, 7, 197.26, 128474, 677, 0, 0
630, 3, 26, 50, 7, 0, 3.88%, 0, 8, 7, 207.14, 129563, 677, 0, 0
635, 3, 44, 51, 8, 0, 3.88%, 0, 8, 7, 204.59, 130589, 677, 0, 0
640, 3, 39, 51, 8, 0, 3.88%, 0, 8, 7, 202.17, 131654, 677, 0, 0
645, 3, 26, 51, 8, 0, 3.88%, 0, 9, 7, 11.05, 132463, 677, 0, 0
651, 3, 14, 51, 8, 0, 3.88%, 0, 9, 7, 212.85, 133559, 677, 0, 0
656, 3, 40, 51, 7, 0, 3.88%, 0, 9, 7, 212.31, 134650, 677, 0, 0
661, 3, 51, 52, 8, 0, 3.88%, 0, 9, 7, 177.60, 135557, 677, 0, 0
666, 3, 51, 54, 10, 0, 3.88%, 0, 9, 7, 163.14, 136380, 677, 0, 0
671, 3, 51, 55, 11, 0, 3.88%, 0, 9, 7, 159.86, 137179, 677, 0, 0
676, 3, 51, 56, 12, 0, 3.88%, 0, 9, 7, 159.59, 138002, 677, 0, 0
681, 3, 51, 56, 12, 0, 3.88%, 0, 10, 7, 155.48, 138630, 677, 0, 0
686, 3, 51, 58, 14, 0, 3.88%, 0, 10, 7, 157.34, 139421, 677, 0, 0
691, 3, 51, 58, 14, 0, 3.88%, 0, 10, 7, 159.30, 140246, 677, 0, 0
697, 3, 51, 58, 14, 0, 3.88%, 0, 10, 7, 159.66, 141071, 677, 0, 0
702, 3, 51, 58, 14, 0, 3.88%, 0, 10, 7, 159.40, 141896, 677, 0, 0
707, 3, 51, 58, 14, 0, 3.88%, 0, 10, 7, 159.62, 142721, 677, 0, 0
712, 3, 51, 59, 15, 0, 3.88%, 0, 10, 7, 159.65, 143520, 677, 0, 0
717, 3, 51, 59, 15, 0, 3.88%, 0, 10, 7, 159.75, 144345, 677, 0, 0
722, 3, 51, 60, 16, 0, 3.88%, 0, 10, 7, 159.55, 145168, 677, 0, 0
727, 3, 40, 60, 15, 0, 3.88%, 0, 10, 7, 179.90, 146074, 677, 0, 0
733, 3, 59, 61, 16, 0, 3.88%, 0, 10, 8, 157.07, 146941, 677, 0, 0
738, 3, 59, 61, 16, 0, 3.88%, 0, 10, 8, 134.20, 147596, 677, 0, 0
743, 3, 59, 61, 16, 0, 3.88%, 0, 10, 8, 129.80, 148246, 677, 0, 0
748, 3, 59, 66, 21, 0, 3.88%, 0, 10, 8, 128.84, 148900, 677, 0, 0
753, 3, 59, 66, 21, 0, 3.88%, 0, 10, 8, 128.53, 149550, 677, 0, 0
758, 3, 59, 66, 21, 0, 3.88%, 0, 10, 8, 128.51, 150204, 677, 0, 0
763, 3, 59, 66, 21, 0, 3.88%, 0, 10, 8, 128.89, 150860, 677, 0, 0
768, 3, 59, 66, 21, 0, 3.88%, 0, 10, 8, 129.00, 151510, 677, 0, 0
773, 3, 59, 66, 21, 0, 3.88%, 0, 10, 8, 129.12, 152160, 677, 0, 0
778, 3, 59, 68, 23, 0, 3.88%, 0, 10, 8, 129.32, 152824, 677, 0, 0
783, 3, 59, 68, 23, 0, 3.88%, 0, 10, 8, 128.99, 153478, 677, 0, 0
788, 3, 59, 68, 23, 0, 3.88%, 0, 10, 8, 129.49, 154130, 677, 0, 0
793, 3, 59, 69, 24, 0, 3.88%, 0, 10, 8, 129.26, 154783, 677, 0, 0
798, 3, 59, 69, 24, 0, 3.88%, 0, 10, 8, 129.47, 155435, 677, 0, 0
803, 3, 59, 69, 24, 0, 3.88%, 0, 10, 8, 129.23, 156085, 677, 0, 0
809, 3, 59, 69, 24, 0, 3.88%, 0, 10, 8, 129.11, 156735, 677, 0, 0
814, 3, 59, 69, 24, 0, 3.88%, 0, 10, 8, 129.49, 157393, 677, 0, 0
819, 3, 59, 69, 24, 0, 3.88%, 0, 10, 8, 127.73, 158043, 677, 0, 0
824, 3, 61, 70, 24, 0, 3.88%, 0, 10, 8, 129.06, 158704, 677, 0, 0
829, 3, 61, 70, 24, 0, 3.88%, 0, 10, 8, 129.62, 159356, 677, 0, 0
834, 3, 61, 70, 24, 0, 3.88%, 0, 10, 8, 129.89, 160018, 677, 0, 0
839, 3, 2, 70, 23, 0, 3.88%, 0, 10, 8, 173.38, 160874, 677, 0, 0
844, 3, 2, 70, 23, 0, 3.88%, 0, 10, 8, 209.18, 161991, 677, 0, 0
849, 3, 57, 70, 22, 0, 3.88%, 0, 10, 8, 176.36, 162939, 677, 0, 0
854, 3, 57, 70, 22, 0, 3.88%, 0, 10, 8, 138.68, 163602, 677, 0, 0
859, 3, 57, 70, 22, 0, 3.88%, 0, 10, 8, 131.46, 164252, 677, 0, 0
865, 3, 32, 70, 21, 0, 3.88%, 0, 10, 8, 146.19, 164968, 677, 0, 0
870, 3, 60, 71, 22, 0, 3.88%, 0, 10, 8, 194.13, 166019, 677, 0, 0
875, 3, 60, 71, 22, 0, 3.88%, 0, 10, 8, 201.49, 167040, 677, 0, 0
880, 3, 49, 71, 21, 0, 3.88%, 0, 10, 8, 192.15, 168024, 677, 0, 0
885, 3, 49, 71, 21, 0, 3.88%, 0, 10, 8, 186.71, 168891, 677, 0, 0
890, 3, 42, 71, 20, 0, 3.88%, 0, 10, 8, 198.66, 169915, 677, 0, 0
895, 3, 56, 71, 20, 0, 3.88%, 0, 10, 8, 172.47, 170825, 677, 0, 0
900, 3, 56, 71, 20, 0, 3.88%, 0, 10, 8, 159.78, 171617, 677, 0, 0
905, 3, 40, 73, 21, 0, 3.88%, 0, 10, 8, 181.03, 172503, 677, 0, 0
911, 3, 62, 73, 21, 0, 3.88%, 0, 10, 8, 146.70, 173270, 677, 0, 0
916, 3, 62, 73, 21, 0, 3.88%, 0, 10, 8, 132.76, 173920, 677, 0, 0
921, 3, 62, 73, 21, 0, 3.88%, 0, 10, 8, 129.74, 174570, 677, 0, 0
926, 3, 45, 73, 20, 0, 3.88%, 0, 10, 8, 179.83, 175479, 677, 0, 0
931, 3, 67, 73, 19, 0, 3.88%, 0, 10, 8, 202.42, 176567, 677, 0, 0
936, 3, 67, 73, 19, 0, 3.88%, 0, 10, 8, 146.42, 177247, 677, 0, 0
941, 3, 67, 73, 19, 0, 3.88%, 0, 10, 8, 135.09, 177917, 677, 0, 0
946, 3, 67, 73, 19, 0, 3.88%, 0, 10, 8, 132.63, 178585, 677, 0, 0
951, 3, 72, 73, 18, 0, 3.88%, 0, 10, 8, 148.35, 179399, 677, 0, 0
957, 3, 72, 73, 18, 0, 3.88%, 0, 10, 8, 147.26, 180149, 677, 0, 0
962, 3, 69, 74, 18, 0, 3.88%, 0, 10, 9, 145.56, 180898, 677, 0, 0
967, 3, 69, 74, 18, 0, 3.88%, 0, 10, 9, 130.20, 181548, 677, 0, 0
972, 3, 69, 74, 18, 0, 3.88%, 0, 10, 9, 127.14, 182198, 677, 0, 0
977, 3, 69, 74, 18, 0, 3.88%, 0, 10, 9, 126.28, 182848, 677, 0, 0
982, 3, 70, 74, 17, 0, 3.88%, 0, 10, 9, 171.52, 183782, 677, 0, 0
987, 3, 70, 74, 17, 0, 3.88%, 0, 10, 9, 22.42, 183970, 677, 0, 0
992, 3, 70, 74, 17, 0, 3.88%, 0, 10, 9, 174.92, 184796, 677, 0, 0
998, 3, 65, 74, 16, 0, 3.88%, 0, 10, 9, 138.75, 185443, 677, 0, 0
1003, 3, 65, 74, 16, 0, 3.88%, 0, 10, 9, 133.19, 186109, 677, 0, 0
1008, 3, 65, 74, 16, 0, 3.88%, 0, 10, 9, 132.09, 186780, 677, 0, 0
1013, 3, 50, 74, 15, 0, 3.88%, 0, 10, 9, 191.73, 187799, 677, 0, 0
1018, 3, 50, 74, 15, 0, 3.88%, 0, 10, 9, 22.49, 188319, 677, 0, 0
1023, 3, 12, 75, 15, 0, 3.88%, 0, 10, 9, 199.45, 189070, 677, 0, 0
1028, 3, 47, 75, 15, 0, 3.88%, 0, 10, 9, 206.50, 190128, 677, 0, 0
1033, 3, 54, 75, 14, 0, 3.88%, 0, 10, 9, 184.07, 191100, 677, 0, 0
1038, 3, 54, 75, 14, 0, 3.88%, 0, 10, 9, 150.54, 191820, 677, 0, 0
1043, 3, 54, 75, 14, 0, 3.88%, 0, 10, 9, 143.60, 192538, 677, 0, 0
1048, 3, 48, 75, 13, 0, 3.88%, 0, 10, 9, 185.11, 193519, 677, 0, 0
1053, 3, 48, 76, 14, 0, 3.88%, 0, 10, 9, 191.98, 194497, 677, 0, 0
1059, 3, 74, 76, 13, 0, 3.88%, 0, 10, 9, 25.49, 194832, 677, 0, 0
1064, 3, 74, 76, 13, 0, 3.88%, 0, 10, 9, 22.47, 195151, 677, 0, 0
1069, 3, 74, 76, 13, 0, 3.88%, 0, 10, 9, 22.43, 195266, 677, 0, 0
1074, 3, 74, 76, 13, 0, 3.88%, 0, 10, 9, 22.41, 195381, 677, 0, 0
1079, 3, 74, 76, 13, 0, 3.88%, 0, 10, 9, 22.42, 195496, 677, 0, 0
1084, 3, 74, 76, 13, 0, 3.88%, 0, 10, 9, 23.54, 195668, 677, 0, 0
1089, 3, 74, 76, 13, 0, 3.88%, 0, 10, 9, 22.67, 195783, 677, 0, 0
1094, 3, 74, 76, 13, 0, 3.88%, 0, 10, 9, 22.47, 195898, 677, 0, 0
1100, 3, 74, 76, 13, 0, 3.88%, 0, 10, 9, 22.45, 196013, 677, 0, 0
1105, 3, 74, 76, 13, 0, 3.88%, 0, 10, 9, 22.42, 196128, 677, 0, 0
1110, 3, 74, 76, 13, 0, 3.88%, 0, 10, 9, 22.40, 196243, 677, 0, 0
1116, 3, 74, 76, 13, 0, 3.88%, 0, 11, 9, 12.47, 196510, 677, 0, 0
1121, 3, 30, 77, 13, 0, 3.88%, 0, 11, 9, 91.09, 196944, 677, 0, 0
1126, 3, 74, 78, 14, 0, 3.88%, 0, 11, 9, 97.57, 197520, 677, 0, 0
1131, 3, 74, 78, 14, 0, 3.88%, 0, 11, 9, 125.29, 198210, 677, 0, 0
1136, 4, 74, 78, 14, 0, 3.88%, 0, 11, 9, 98.40, 198703, 677, 0, 0
1141, 4, 70, 79, 15, 0, 3.88%, 0, 11, 9, 156.80, 199630, 677, 0, 0
1146, 4, 64, 79, 15, 0, 3.88%, 0, 11, 9, 155.07, 200477, 677, 0, 0
